>GTGACTCA	1-GTGACTCA	10.327043	-10.646622	0	T:20.0(50.00%),B:9075.0(20.12%),P:1e-4	Tpos:3862.5,Tstd:5476.3,Bpos:2201.5,Bstd:2285.1,StrandBias:-0.3,Multiplicity:1.45
0.139	0.001	0.859	0.001
0.001	0.001	0.001	0.997
0.001	0.001	0.997	0.001
0.793	0.001	0.001	0.205
0.001	0.810	0.154	0.035
0.001	0.143	0.001	0.855
0.001	0.997	0.001	0.001
0.997	0.001	0.001	0.001
>WWCCGTAG	2-WWCCGTAG	9.111791	-8.567633	0	T:11.0(27.50%),B:3544.4(7.86%),P:1e-3	Tpos:8630.2,Tstd:9905.5,Bpos:2237.9,Bstd:2652.2,StrandBias:0.0,Multiplicity:1.45
0.489	0.001	0.001	0.509
0.509	0.001	0.001	0.489
0.001	0.997	0.001	0.001
0.001	0.997	0.001	0.001
0.001	0.001	0.997	0.001
0.001	0.233	0.001	0.765
0.765	0.001	0.233	0.001
0.001	0.001	0.997	0.001
>TGAGACAC	3-TGAGACAC	9.494286	-6.598853	0	T:22.0(55.00%),B:13964.8(30.96%),P:1e-2	Tpos:3740.2,Tstd:4207.6,Bpos:2179.8,Bstd:2346.4,StrandBias:1.2,Multiplicity:1.50
0.001	0.001	0.001	0.997
0.001	0.001	0.997	0.001
0.997	0.001	0.001	0.001
0.001	0.001	0.997	0.001
0.997	0.001	0.001	0.001
0.001	0.997	0.001	0.001
0.997	0.001	0.001	0.001
0.001	0.791	0.001	0.207
>CATAAACC	4-CATAAACC	8.236954	-5.828087	0	T:9.0(22.50%),B:3483.0(7.72%),P:1e-2	Tpos:1800.7,Tstd:1515.3,Bpos:2216.1,Bstd:2456.5,StrandBias:0.6,Multiplicity:1.11
0.100	0.700	0.100	0.100
0.700	0.100	0.100	0.100
0.100	0.100	0.100	0.700
0.700	0.100	0.100	0.100
0.700	0.100	0.100	0.100
0.700	0.100	0.100	0.100
0.100	0.700	0.100	0.100
0.100	0.700	0.100	0.100
>AACCGTCA	5-AACCGTCA	7.621970	-3.756706	0	T:18.0(45.00%),B:13106.1(29.06%),P:1e-1	Tpos:5275.7,Tstd:6425.9,Bpos:2210.9,Bstd:2371.7,StrandBias:0.3,Multiplicity:1.89
0.902	0.001	0.096	0.001
0.899	0.001	0.001	0.099
0.135	0.706	0.158	0.001
0.001	0.997	0.001	0.001
0.001	0.110	0.888	0.001
0.176	0.001	0.001	0.822
0.001	0.705	0.001	0.293
0.997	0.001	0.001	0.001
